(18, 22, 6),
(7, 6, 9),
(28, 23, 7),
(6, 5, 6),
(26, 23, 10),
(11, 5, 10),
(7, 24, 6),
(24, 5, 6),
(9, 5, 5),
(6, 7, 8),
(24, 35, 7),
(18, 23, 4),
(16, 7, 5),
(1, 35, 5),
(24, 24, 9),
(3, 6, 7),
(21, 7, 9),
(26, 35, 8),
(6, 35, 8),
(15, 5, 2),
(11, 5, 8),
(11, 22, 6),
(18, 10, 8),
(19, 35, 6),
(10, 23, 6),
(19, 22, 9),
(9, 6, 10),
(18, 35, 9),
(25, 22, 5),
(15, 5, 7),
(28, 23, 5),
(1, 22, 10),
(8, 24, 10),
(4, 10, 6),
(3, 22, 5),
(4, 6, 3),
(17, 23, 9),
(22, 5, 6),
(18, 10, 9),
(27, 10, 10),
(28, 6, 5),
(19, 6, 10),
(2, 10, 6),
(4, 35, 8),
(22, 22, 7),
(23, 6, 6),
(20, 35, 5),
(2, 5, 10),
(9, 10, 8),
(3, 7, 7),
(22, 23, 6),
(8, 10, 3),
(19, 24, 8),
(24, 10, 9),
(10, 35, 9),
(2, 5, 6),
(28, 22, 5),
(8, 6, 7),
(3, 22, 10),
(6, 6, 5),
(18, 7, 8),
(20, 10, 5),
(8, 22, 6),
(22, 7, 2),
(14, 22, 9),
(26, 5, 5),
(12, 6, 9),
(24, 24, 4),
(20, 35, 8),
(28, 22, 10),
(4, 5, 10),
(15, 10, 4),
(3, 22, 7),
(5, 23, 5),
(8, 7, 8),
(28, 6, 9),
(14, 23, 8),
(13, 23, 10),
(2, 22, 7),
(4, 24, 3),
(19, 5, 5),
(18, 22, 6),
(5, 6, 5),
(11, 22, 10),
(8, 10, 8),
(1, 35, 8),
(2, 35, 6),
(11, 35, 4),
(4, 6, 6),
(11, 5, 8),
(28, 10, 6),
(11, 24, 3),
(2, 24, 10),
(27, 10, 7),
(7, 10, 9),
(21, 24, 6),
(20, 6, 8),
(19, 23, 5),
(8, 23, 9),
(21, 22, 2),
(6, 22, 6),
(4, 7, 9),
(2, 7, 9),
(9, 35, 10),
(6, 23, 7),
(8, 35, 6),
(23, 23, 7),
(12, 23, 6),
(13, 5, 6),
(14, 10, 8),
(17, 10, 10),
(9, 24, 2),
(8, 24, 6),
(5, 6, 7),
(10, 7, 6),
(18, 35, 3),
(18, 7, 5),
(18, 24, 7),
(23, 6, 5),
(4, 6, 1),
(21, 6, 5),
(17, 23, 5),
(5, 6, 9),
(27, 5, 1),
(21, 22, 6),
(23, 35, 7),
(15, 6, 8),
(11, 7, 9),
(4, 7, 6),
(25, 5, 10),
(16, 35, 5),
(26, 23, 6),
(20, 7, 9),
(21, 23, 8),
(10, 23, 9),
(18, 7, 3),
(27, 6, 10),
(26, 6, 7),
(11, 6, 10),
(7, 7, 4),
(13, 5, 5),
(6, 22, 5),
(6, 23, 10),
(28, 6, 2),
(13, 6, 6),
(4, 6, 8),
(9, 5, 5),
(28, 22, 10),
(4, 5, 6),
(20, 5, 8),
(10, 23, 9),
(19, 22, 4),
(21, 35, 9),
(13, 6, 9),
(20, 10, 7),
(14, 10, 3),
(12, 7, 7),
(27, 23, 5),
(21, 6, 6),
(16, 24, 9),
(7, 24, 9),
(9, 23, 6),
(27, 10, 9),
(16, 24, 5),
(11, 10, 9),
(1, 5, 7),
(22, 24, 9),
(11, 22, 3),
(22, 5, 10),
(14, 5, 9),
(1, 5, 7),
(5, 35, 7),
(5, 22, 6),
(27, 6, 5),
(19, 6, 9),
(9, 22, 6),
(7, 7, 8),
(10, 22, 10),
(22, 23, 6),
(26, 7, 8),
(23, 22, 7),
(1, 5, 5),
(14, 23, 8),
(4, 5, 10),
(12, 5, 5),
(10, 23, 10),
(20, 6, 7),
(3, 35, 2),
(18, 7, 9),
(16, 10, 9),
(1, 7, 5),
(9, 5, 3),
(23, 7, 9),
(28, 35, 5),
(5, 5, 5),
(3, 24, 1),
(24, 10, 10),
(27, 6, 5),
(4, 22, 10),
(9, 23, 3),
(4, 24, 8),
(10, 10, 6),
(5, 7, 9),
(16, 5, 2),
(5, 5, 8),
(8, 7, 10),
(13, 23, 5),
(5, 22, 4),
(14, 23, 8),
(22, 22, 8),
(1, 22, 9),
(17, 5, 8),
(14, 23, 10),
(3, 22, 5),
(13, 6, 6),
(26, 6, 8),
(25, 22, 5),
(27, 23, 8),
(9, 22, 9),
(5, 6, 4),
(22, 6, 8),
(6, 23, 6),
(10, 7, 6),
(10, 24, 3),
(26, 22, 8),
(25, 23, 7),
(27, 10, 6),
(6, 10, 4),
(8, 23, 5),
(23, 23, 7),
(26, 6, 5),
(6, 7, 3),
(13, 10, 8),
(9, 35, 10),
(19, 22, 9),
(16, 7, 7),
(27, 6, 7),
(24, 6, 9),
(10, 23, 5),
(24, 6, 7),
(14, 24, 8),
(15, 7, 8),
(28, 24, 7),
(19, 22, 3),
(27, 24, 9),
(28, 22, 8),
(11, 22, 7),
(22, 5, 6),
(27, 6, 9),
(17, 7, 6),
(18, 23, 7),
(13, 7, 10),
(11, 22, 5),
(28, 5, 9),
(20, 35, 10),
(2, 6, 6),
(26, 23, 9),
(8, 6, 7),
(1, 10, 9),
(26, 22, 10),
(28, 23, 9),
(28, 5, 6),
(19, 24, 6),
(27, 22, 5),
(25, 5, 9),
(12, 7, 7),
(8, 35, 9),
(25, 10, 10),
(28, 5, 10),
(14, 22, 5),
(21, 6, 9),
(23, 7, 4),
(25, 6, 5),
(15, 22, 9),
(22, 35, 7),
(14, 10, 10),
(14, 5, 5),
(2, 6, 8),
(28, 6, 8),
(13, 10, 2),
(19, 6, 8),
(6, 23, 10),
(20, 10, 9),
(20, 23, 6),
(22, 22, 9),
(7, 5, 7),
(2, 10, 7),
(10, 7, 7),
(5, 24, 5),
(4, 22, 6),
(7, 5, 7),
(24, 7, 8),
(4, 5, 6),
(17, 7, 5),
(24, 35, 10),
(14, 10, 7),
(21, 22, 9),
(18, 6, 9),
(22, 22, 6),
(22, 22, 8),
(18, 6, 7),
(12, 23, 10),
(9, 10, 5),
(14, 24, 4),
(25, 6, 10),
(19, 10, 6),
(8, 22, 10),
(27, 22, 3),
(1, 5, 8),
(25, 10, 8),
(25, 23, 10),
(9, 5, 1),
(14, 24, 8),
(19, 5, 6),
(21, 23, 8),
(15, 7, 1),
(6, 35, 8),
(1, 7, 6),
(21, 10, 8),
(3, 6, 10),
(4, 35, 9),
(8, 24, 8),
(11, 23, 10),
(5, 35, 10),
(15, 10, 9),
(21, 10, 5),
(23, 6, 5),
(13, 23, 4),
(23, 22, 10),
(4, 10, 9),
(26, 35, 10),
(26, 6, 3),
(17, 35, 9),
(28, 24, 5),
(13, 7, 10),
(17, 23, 5),
(17, 24, 7),
(6, 7, 6),
(1, 24, 8),
(27, 24, 3),
(25, 10, 10),
(4, 24, 6),
(26, 10, 6),
(9, 10, 9),
(24, 23, 7),
(7, 6, 5),
(25, 35, 5),
(11, 23, 1),
(2, 6, 5),
(20, 35, 8),
(16, 22, 7),
(19, 5, 4),
(15, 23, 6),
(16, 22, 9),
(3, 23, 6),
(20, 6, 8),
(17, 7, 10),
(28, 10, 6),
(27, 10, 8),
(26, 6, 9),
(6, 23, 5),
(27, 24, 6),
(28, 7, 8),
(8, 7, 10),
(22, 6, 10),
(28, 24, 6),
(9, 10, 5),
(6, 5, 10),
(25, 24, 5),
(12, 24, 6),
(11, 22, 5),
(2, 35, 1),
(16, 5, 6),
(12, 7, 5),
(17, 22, 8),
(7, 23, 9),
(23, 7, 10),
(11, 22, 10),
(17, 35, 5),
(12, 7, 9),
(18, 24, 7),
(17, 24, 7),
(25, 24, 9),
(25, 24, 8),
(24, 22, 10),
(3, 6, 9),
(3, 24, 6),
(16, 22, 8),
(27, 5, 8),
(16, 24, 9),
(10, 35, 8),
(8, 6, 3),
(28, 22, 8),
(18, 7, 9),
(26, 22, 9),
(4, 7, 5),
(14, 6, 10),
(9, 23, 8),
(5, 7, 7),
(15, 6, 5),
(11, 35, 5),
(24, 6, 7),
(25, 24, 7),
(10, 24, 8),
(17, 22, 7),
(9, 22, 5),
(14, 23, 7),
(23, 10, 3),
(8, 35, 6),
(5, 6, 7),
(5, 7, 8),
(24, 6, 7),
(4, 7, 8),
(28, 7, 6),
(21, 35, 8),
(27, 35, 2),
(16, 24, 6),
(17, 7, 5),
(11, 22, 8),
(13, 35, 3),
(19, 5, 9),
(15, 10, 10),
(9, 22, 5),
(10, 35, 9),
(1, 5, 5),
(9, 10, 9),
(25, 10, 7),
(11, 10, 9),
(15, 6, 10),
(22, 5, 5),
(16, 35, 5),
(26, 35, 3),
(18, 10, 6),
(20, 5, 8),
(24, 6, 9),
(17, 24, 2),
(27, 23, 8),
(13, 24, 5),
(21, 23, 8),
(21, 24, 3),
(14, 7, 5),
(4, 10, 5),
(3, 5, 9),
(2, 6, 2),
(20, 10, 5),
(17, 7, 10),
(9, 22, 7),
(14, 24, 8),
(14, 6, 9),
(18, 22, 8),
(19, 6, 8),
(4, 23, 10),
(9, 23, 7),
(8, 23, 5),
(26, 23, 10),
(27, 35, 5),
(18, 22, 9),
(11, 5, 7),
(20, 5, 10),
(26, 5, 8),
(23, 10, 10),
(10, 24, 8),
(17, 7, 6),
(10, 5, 9),
(5, 23, 10),
(1, 24, 9),
(10, 7, 8),
(23, 5, 2),
(15, 6, 8),
(13, 35, 9),
(11, 24, 8),
(27, 24, 6),
(28, 35, 8),
(15, 5, 5),
(18, 10, 5),
(3, 5, 2),
(3, 10, 7),
(26, 22, 7),
(14, 10, 7),
(24, 5, 8),
(17, 10, 9),
(6, 5, 5),
(7, 23, 7),
(24, 10, 4),
(21, 23, 8),
(24, 22, 10),
(3, 7, 8),
(24, 6, 2),
(8, 7, 9),
(22, 10, 7),
(25, 23, 8),
(14, 6, 8),
(24, 22, 9),
(27, 5, 5),
(19, 23, 6),
(4, 6, 7),
(5, 7, 5),
(16, 10, 9),
(15, 35, 8),
(26, 7, 7),
(21, 24, 7),
(22, 22, 5),
(3, 6, 10),
(7, 5, 9),
(11, 10, 5),
(11, 6, 8),
(24, 6, 10),
(6, 22, 5),
(13, 22, 10),
(20, 5, 6),
(1, 10, 6),
(16, 6, 7),
(8, 5, 5),
(13, 22, 7),
(19, 10, 9),
(1, 24, 2),
(11, 24, 6),
(14, 23, 8),
(22, 24, 6),
(10, 22, 2),
(6, 5, 7),
(3, 10, 8),
(16, 10, 8),
(20, 23, 6),
(1, 23, 6),
(2, 6, 5),
(7, 10, 5),
(21, 5, 4),
(23, 23, 8),
(21, 22, 9),
(3, 10, 6),
(28, 35, 4),
(26, 24, 5),
(27, 22, 6),
(22, 10, 8),
(1, 23, 8),
(16, 24, 5),
(25, 22, 8),
(2, 7, 8),
(16, 23, 2),
(22, 6, 8),
(23, 10, 5),
(17, 6, 7),
(13, 22, 4),
(6, 7, 7),
(23, 10, 6),
(27, 6, 6),
(25, 22, 5),
(13, 10, 10),
(4, 7, 6),
(21, 22, 6),
(19, 24, 6),
(22, 7, 10),
(4, 5, 5),
(23, 24, 10),
(2, 6, 7),
(16, 22, 9),
(6, 35, 9),
(16, 22, 9),
(5, 10, 5),
(18, 24, 5),
(15, 22, 6),
(26, 10, 8),
(13, 6, 2),
(3, 6, 9),
(3, 24, 10),
(1, 24, 10),
(14, 23, 5),
(11, 24, 5),
(1, 10, 8),
(25, 24, 6),
(19, 35, 8),
(19, 7, 9),
(9, 7, 5),
(9, 22, 7),
(24, 10, 6),
(13, 5, 10),
(9, 24, 7),
(16, 23, 6),
(11, 6, 1),
(8, 35, 7),
(12, 35, 5),
(28, 22, 8),
(19, 7, 6),
(27, 7, 9),
(18, 7, 7),
(3, 6, 8),
(16, 23, 7),
(27, 7, 8),
(15, 6, 6),
(10, 35, 6),
(9, 35, 3),
(15, 23, 7),
(1, 6, 10),
(6, 6, 7),
(4, 22, 7),
(1, 24, 7),
(21, 23, 8),
(17, 10, 10),
(7, 10, 4),
(8, 35, 9),
(22, 22, 5),
(28, 35, 8),
(5, 35, 6),
(16, 35, 6),
(22, 10, 7),
(24, 23, 10),
(8, 35, 2),
(3, 35, 7),
(7, 23, 10),
(27, 6, 7),
(8, 10, 4),
(15, 23, 5),
(14, 35, 7),
(5, 22, 5),
(21, 10, 2),
(17, 10, 6),
(8, 5, 9),
(24, 23, 9),
(6, 23, 8),
(23, 5, 8),
(26, 22, 7),
(7, 5, 8),
(26, 5, 2),
(9, 7, 10),
(26, 23, 8),
(18, 22, 8),
(18, 7, 8),
(5, 10, 6),
(16, 6, 9),
(4, 5, 10),
(22, 35, 9),
(14, 6, 8),
(21, 6, 6),
(5, 24, 9),
(15, 10, 4),
(12, 35, 9),
(22, 35, 5),
(3, 5, 6),
(10, 22, 1),
(15, 24, 7),
(16, 6, 6),
(11, 23, 6),
(7, 5, 5),
(10, 7, 8),
(1, 23, 6),
(20, 5, 7),
(22, 23, 4),
(8, 7, 9),
(25, 22, 10),
(19, 22, 7),
(24, 35, 1),
(10, 22, 9),
(19, 10, 9),
(9, 35, 6),
(25, 6, 1),
(13, 5, 7),
(22, 6, 8),
(24, 23, 9),
(15, 22, 3),
(1, 22, 9),
(11, 24, 10),
(6, 23, 9),
(28, 22, 7),
(16, 23, 9),
(7, 24, 5),
(15, 24, 10),
(10, 35, 1),
(17, 7, 10),
(7, 23, 9),
(19, 10, 5),
(16, 5, 5),
(17, 7, 7),
(9, 35, 7),
(17, 6, 5),
(9, 35, 4),
(28, 6, 5),
(10, 23, 5),
(1, 10, 8),
(9, 35, 4),
(11, 7, 5),
(10, 5, 6),
(14, 6, 7),
(20, 24, 6),
(15, 10, 10),
(21, 23, 6),
(15, 10, 6),
(2, 5, 2),
(16, 35, 10),
(6, 6, 7),
(9, 24, 7),
(9, 23, 10),
(5, 35, 9),
(11, 10, 9),
(13, 35, 6),
(21, 24, 10),
(19, 10, 8),
(27, 35, 6),
(16, 5, 10),
(7, 5, 5),
(18, 6, 5),
(26, 7, 10),
(13, 22, 10),
(11, 10, 4),
(26, 23, 10),
(1, 7, 8),
(20, 23, 8),
(2, 22, 7),
(23, 5, 10),
(13, 6, 8),
(11, 5, 9),
(2, 23, 8),
(22, 10, 8),
(23, 23, 5),
(18, 7, 6),
(2, 23, 4),
(18, 23, 9),
(5, 6, 9),
(18, 7, 6),
(8, 22, 3),
(14, 7, 8),
(18, 10, 10),
(15, 10, 8),
(5, 10, 3),
(26, 24, 7),
(1, 24, 5),
(1, 7, 10),
(21, 24, 5),
(7, 5, 9),
(21, 22, 7),
(16, 5, 9),
(4, 10, 4),
(8, 5, 9),
(22, 35, 7),
(1, 10, 10),
(11, 35, 10),
(16, 10, 6),
(28, 24, 7),
(17, 22, 8),
(16, 6, 8),
(12, 23, 6),
(22, 7, 10),
(26, 5, 7),
(18, 6, 6),
(26, 5, 5),
(20, 23, 9),
(2, 24, 5),
(28, 23, 1),
(16, 10, 8),
(28, 5, 10),
(21, 24, 8),
(24, 23, 4),
(14, 6, 7),
(23, 22, 10),
(4, 22, 6),
(15, 7, 1),
(1, 23, 6),
(13, 10, 5),
(12, 6, 7),
(25, 35, 3),
(17, 5, 7),
(11, 24, 6),
(23, 10, 7),
(10, 23, 1),
(15, 22, 9),
(11, 10, 8),
(5, 23, 6),
(13, 23, 8),
(4, 22, 9),
(9, 24, 9),
(14, 7, 9),
(18, 5, 7),
(11, 22, 9),
(27, 35, 6),
(10, 22, 6),
(8, 35, 4),
(6, 7, 6),
(21, 22, 8),
(22, 24, 7),
(2, 22, 8),
(25, 5, 8),
(11, 23, 10),
(2, 22, 6),
(19, 7, 3),
(17, 24, 5),
(10, 7, 8),
(9, 5, 6),
(8, 24, 6),
(5, 22, 5),
(1, 35, 5),
(11, 24, 8),
(12, 10, 3),
(25, 7, 6),
(27, 5, 6),
(14, 5, 5),
(11, 10, 2),
(20, 35, 9),
(14, 10, 7),
(28, 6, 8),
(21, 22, 2),
(26, 7, 6),
(22, 5, 8),
(17, 7, 9),
(9, 7, 6),
(27, 35, 9),
(19, 6, 7),
(17, 7, 9),
(2, 23, 1),
(1, 5, 7),
(14, 5, 9),
(2, 7, 10),
(6, 6, 8),
(5, 5, 7),
(3, 5, 8),
(19, 10, 7),
(15, 23, 8),
(16, 6, 10),
(22, 6, 6),
(14, 7, 10),
(27, 6, 1),
(27, 10, 5),
(2, 35, 7),
(16, 22, 9),
(8, 5, 1),
(11, 22, 9),
(22, 24, 9),
(4, 23, 10),
(13, 22, 2),
(12, 7, 6),
(19, 22, 9),
(24, 35, 5),
(19, 10, 3),
(27, 6, 5),
(13, 24, 10),
(2, 22, 8),
(22, 24, 8),
(16, 6, 7),
(20, 5, 5),
(26, 23, 6),
(8, 7, 4),
(13, 5, 9),
(8, 35, 5),
(1, 23, 8),
(8, 10, 7),
(24, 35, 10),
(25, 35, 9),
(16, 22, 6),
(14, 6, 8),
(22, 7, 10),
(14, 5, 9),
(14, 22, 5),
(3, 23, 9),
(4, 6, 8),
(18, 10, 7),
(28, 6, 9),
(5, 22, 8),
(13, 22, 8),
(26, 35, 9),
(11, 7, 7),
(12, 10, 8),
(15, 24, 7),
(12, 5, 7),
(27, 7, 7),
(13, 23, 7),
(16, 6, 8),
(24, 24, 5),
(19, 10, 10),
(1, 35, 4),
(4, 24, 8),
(16, 7, 9),
(26, 10, 5),
(12, 7, 1),
(19, 6, 7),
(1, 6, 10),
(13, 10, 7),
(12, 35, 10),
(27, 23, 6),
(10, 23, 10),
(19, 6, 8),
(3, 22, 2),
(3, 22, 8),
(10, 35, 5),
(12, 5, 10),
(24, 23, 7),
(17, 6, 10),
(25, 5, 10),
(19, 24, 6),
(16, 24, 6),
(1, 6, 8),
(3, 24, 9),
(1, 23, 8),
(18, 23, 4),
(21, 5, 6),
(26, 23, 6),
(26, 7, 7),
(11, 24, 6),
(23, 7, 10),
(5, 5, 9),
(21, 35, 7),
(12, 35, 4),
(10, 7, 8),
(28, 35, 9),
(21, 35, 5),
(10, 22, 2),
(1, 24, 6),
(22, 24, 10),
(15, 35, 10),
(19, 35, 8),
(7, 5, 9),
(17, 23, 8),
(19, 7, 7),
(4, 6, 8),
(3, 24, 7),
(15, 10, 5),
(18, 22, 8),
(9, 23, 9),
(15, 22, 5),
(14, 22, 7),
(26, 35, 8),
(13, 7, 2),
(25, 6, 9),
(8, 7, 8),
(23, 35, 8),
(9, 10, 5),
(14, 24, 8),
(24, 35, 10),
(8, 10, 7),
(12, 10, 4),
(7, 22, 10),
(2, 24, 10),
(15, 24, 6),
(3, 23, 8),
(20, 10, 5),
(11, 35, 10),
(8, 24, 7),
(18, 5, 2),
(28, 5, 8),
(9, 6, 10),
(16, 5, 6),
(5, 6, 2),
(15, 5, 5),
(20, 7, 6),
(27, 6, 5),
(23, 6, 3),
(3, 23, 10),
(4, 24, 7),
(3, 23, 5),
(12, 22, 4),
(4, 7, 5),
(27, 7, 10),
(9, 22, 6),
(6, 22, 9),
(11, 22, 5),
(10, 23, 9),
(18, 5, 5),
(21, 22, 2),
(28, 10, 9),
(2, 5, 6),
(8, 35, 10),
(20, 5, 3),
(11, 5, 6),
(13, 23, 5),
(28, 7, 5),
(14, 22, 4),
(2, 35, 7),
(16, 10, 6),
(15, 35, 10),
(19, 23, 8),
(28, 10, 7),
(7, 22, 6),
(20, 7, 6),
(13, 24, 2),
(2, 6, 9),
(5, 5, 9),
(26, 24, 6),
(28, 5, 9),
(26, 24, 6),
(6, 5, 6),
(3, 5, 7),
(21, 7, 1),
(1, 6, 9),
(13, 22, 8),
(4, 24, 10),
(15, 23, 9),
(28, 35, 5),
(14, 7, 9),
(15, 6, 8),
(1, 22, 9),
(14, 22, 8),
(2, 7, 5),
(28, 5, 5),
(28, 35, 6),
(15, 22, 9),
(14, 10, 6),
(13, 5, 8),
(9, 5, 6),
(15, 7, 8),
(9, 10, 8),
(21, 35, 6);